554,5
554,4
554,3
554,2
554,1
554,0
553,4
553,3
553,2
553,1
553,0
552,3
552,2
552,1
552,0
551,4
551,3
551,2
551,1
551,0
550,3
550,2
550,1
550,0
549,7
549,6
549,5
549,4
549,3
549,2
549,1
549,0
548,3
548,2
548,1
548,0
547,3
547,2
547,1
547,0
546,5
546,4
546,3
546,2
546,1
546,0
545,3
545,2
545,1
545,0
544,5
544,4
544,3
544,2
544,1
544,0
543,4
543,3
543,2
543,1
543,0
542,3
542,2
542,1
542,0
541,4
541,3
541,2
541,1
541,0
540,3
540,2
540,1
540,0
539,7
539,6
539,5
539,4
539,3
539,2
539,1
539,0
538,3
538,2
538,1
538,0
537,3
537,2
537,1
537,0
536,5
536,4
536,3
536,2
536,1
536,0
535,3
535,2
535,1
535,0
534,5
534,4
534,3
534,2
534,1
534,0
533,4
533,3
533,2
533,1
533,0
532,3
532,2
532,1
532,0
531,4
531,3
531,2
531,1
531,0
530,3
530,2
530,1
530,0
529,7
529,6
529,5
529,4
529,3
529,2
529,1
529,0
528,3
528,2
528,1
528,0
527,3
527,2
527,1
527,0
526,5
526,4
526,3
526,2
526,1
526,0
525,3
525,2
525,1
525,0
524,5
524,4
524,3
524,2
524,1
524,0
523,4
523,3
523,2
523,1
523,0
522,3
522,2
522,1
522,0
521,4
521,3
521,2
521,1
521,0
520,3
520,2
520,1
520,0
519,7
519,6
519,5
519,4
519,3
519,2
519,1
519,0
518,3
518,2
518,1
518,0
517,3
517,2
517,1
517,0
516,5
516,4
516,3
516,2
516,1
516,0
515,3
515,2
515,1
515,0
514,5
514,4
514,3
514,2
514,1
514,0
513,4
513,3
513,2
513,1
513,0
512,3
512,2
512,1
512,0
511,4
511,3
511,2
511,1
511,0
510,3
510,2
510,1
510,0
509,7
509,6
509,5
509,4
509,3
509,2
509,1
509,0
508,3
508,2
508,1
508,0
507,3
507,2
507,1
507,0
506,5
506,4
506,3
506,2
506,1
506,0
505,3
505,2
505,1
505,0
504,5
504,4
504,3
504,2
504,1
504,0
503,4
503,3
503,2
503,1
503,0
502,3
502,2
502,1
502,0
501,4
501,3
501,2
501,1
501,0
500,3
500,2
500,1
500,0
499,7
499,6
499,5
499,4
499,3
499,2
499,1
499,0
498,3
498,2
498,1
498,0
497,3
497,2
497,1
497,0
496,5
496,4
496,3
496,2
496,1
496,0
495,3
495,2
495,1
495,0
494,5
494,4
494,3
494,2
494,1
494,0
493,4
493,3
493,2
493,1
493,0
492,3
492,2
492,1
492,0
491,4
491,3
491,2
491,1
491,0
490,3
490,2
490,1
490,0
489,7
489,6
489,5
489,4
489,3
489,2
489,1
489,0
488,3
488,2
488,1
488,0
487,3
487,2
487,1
487,0
486,5
486,4
486,3
486,2
486,1
486,0
485,3
485,2
485,1
485,0
484,5
484,4
484,3
484,2
484,1
484,0
483,4
483,3
483,2
483,1
483,0
482,3
482,2
482,1
482,0
481,4
481,3
481,2
481,1
481,0
480,3
480,2
480,1
480,0
479,7
479,6
479,5
479,4
479,3
479,2
479,1
479,0
478,3
478,2
478,1
478,0
477,3
477,2
477,1
477,0
476,5
476,4
476,3
476,2
476,1
476,0
475,3
475,2
475,1
475,0
474,5
474,4
474,3
474,2
474,1
474,0
473,4
473,3
473,2
473,1
473,0
472,3
472,2
472,1
472,0
471,4
471,3
471,2
471,1
471,0
470,3
470,2
470,1
470,0
469,7
469,6
469,5
469,4
469,3
469,2
469,1
469,0
468,3
468,2
468,1
468,0
467,3
467,2
467,1
467,0
466,5
466,4
466,3
466,2
466,1
466,0
465,3
465,2
465,1
465,0
464,5
464,4
464,3
464,2
464,1
464,0
463,4
463,3
463,2
463,1
463,0
462,3
462,2
462,1
462,0
461,4
461,3
461,2
461,1
461,0
460,3
460,2
460,1
460,0
459,7
459,6
459,5
459,4
459,3
459,2
459,1
459,0
458,3
458,2
458,1
458,0
457,3
457,2
457,1
457,0
456,5
456,4
456,3
456,2
456,1
456,0
455,3
455,2
455,1
455,0
454,5
454,4
454,3
454,2
454,1
454,0
453,4
453,3
453,2
453,1
453,0
452,3
452,2
452,1
452,0
451,4
451,3
451,2
451,1
451,0
450,3
450,2
450,1
450,0
449,7
449,6
449,5
449,4
449,3
449,2
449,1
449,0
448,3
448,2
448,1
448,0
447,3
447,2
447,1
447,0
446,5
446,4
446,3
446,2
446,1
446,0
445,3
445,2
445,1
445,0
444,5
444,4
444,3
444,2
444,1
444,0
443,4
443,3
443,2
443,1
443,0
442,3
442,2
442,1
442,0
441,4
441,3
441,2
441,1
441,0
440,3
440,2
440,1
440,0
439,7
439,6
439,5
439,4
439,3
439,2
439,1
439,0
438,3
438,2
438,1
438,0
437,3
437,2
437,1
437,0
436,5
436,4
436,3
436,2
436,1
436,0
435,3
435,2
435,1
435,0
434,5
434,4
434,3
434,2
434,1
434,0
433,4
433,3
433,2
433,1
433,0
432,3
432,2
432,1
432,0
431,4
431,3
431,2
431,1
431,0
430,3
430,2
430,1
430,0
429,7
429,6
429,5
429,4
429,3
429,2
429,1
429,0
428,3
428,2
428,1
428,0
427,3
427,2
427,1
427,0
426,5
426,4
426,3
426,2
426,1
426,0
425,3
425,2
425,1
425,0
424,5
424,4
424,3
424,2
424,1
424,0
423,4
423,3
423,2
423,1
423,0
422,3
422,2
422,1
422,0
421,4
421,3
421,2
421,1
421,0
420,3
420,2
420,1
420,0
419,7
419,6
419,5
419,4
419,3
419,2
419,1
419,0
418,3
418,2
418,1
418,0
417,3
417,2
417,1
417,0
416,5
416,4
416,3
416,2
416,1
416,0
415,3
415,2
415,1
415,0
414,5
414,4
414,3
414,2
414,1
414,0
413,4
413,3
413,2
413,1
413,0
412,3
412,2
412,1
412,0
411,4
411,3
411,2
411,1
411,0
410,3
410,2
410,1
410,0
409,7
409,6
409,5
409,4
409,3
409,2
409,1
409,0
408,3
408,2
408,1
408,0
407,3
407,2
407,1
407,0
406,5
406,4
406,3
406,2
406,1
406,0
405,3
405,2
405,1
405,0
404,5
404,4
404,3
404,2
404,1
404,0
403,4
403,3
403,2
403,1
403,0
402,3
402,2
402,1
402,0
401,4
401,3
401,2
401,1
401,0
400,3
